0,0,0,0,0,0,0,0,0,0,0,0,0,0,0,0,0
0,1,1,1,0,0,0,0,0,0,0,0,0,0,0,0,0
0,1,1,1,1,1,1,1,1,0,0,0,0,0,0,0,0
0,1,1,1,0,0,0,0,1,0,0,0,0,0,0,0,0
0,0,1,0,0,0,0,0,1,0,0,0,0,0,0,0,0
0,0,1,0,0,0,0,0,1,0,0,0,0,0,0,0,0
0,0,1,0,0,0,0,0,1,0,0,0,0,0,0,0,0
0,0,1,0,0,0,0,1,1,1,1,1,1,1,1,1,0
0,0,1,1,1,1,1,1,1,1,1,1,1,1,1,1,0
0,0,0,0,0,0,0,1,1,1,1,1,1,1,1,1,0
0,0,0,0,0,0,0,1,1,1,1,1,1,1,1,1,0
0,0,0,0,0,0,0,1,1,1,1,1,1,1,1,1,0
0,0,0,0,0,0,0,1,1,1,1,1,1,1,1,1,0
0,0,0,0,0,0,0,1,1,1,1,1,1,1,1,1,0
0,0,0,0,0,0,0,1,1,1,1,1,1,1,1,1,0
0,0,0,0,0,0,0,1,1,1,1,1,1,1,1,1,0
0,0,0,0,0,0,0,0,0,0,0,0,0,0,0,0,0
@
250,250
bossarea
true
7,7,9,9
@
spawn
163
11,11
7,7,9,9
143
11,8
7,7,9,9
143
8,11
7,7,9,9
131
14,9
7,7,9,9
101
9,14
7,7,9,9
153
10,10
7,7,9,9
143
12,12
7,7,9,9
@