0,0,0,0,0,0,0,0,0,0,0,0,0,0,0,0,0
0,2,2,2,2,2,0,0,0,0,0,2,2,2,2,2,0
0,2,2,2,2,2,40,40,40,40,40,2,2,66,2,2,0
0,2,2,82,2,2,0,0,0,0,0,2,2,2,2,2,0
0,2,2,2,2,2,0,0,0,0,0,2,2,2,2,2,0
0,41,41,41,41,41,41,41,41,41,41,41,41,41,41,41,0
0,41,0,0,0,0,0,0,0,0,0,0,0,0,0,41,0
0,41,0,0,0,0,0,0,0,0,0,0,0,0,0,41,0
0,41,0,0,0,0,0,1,1,1,1,1,62,0,0,41,0
0,41,1,1,1,1,68,1,1,1,1,1,1,0,0,41,0
0,41,41,41,41,41,0,1,1,1,1,1,1,64,1,41,0
0,64,0,0,0,0,0,1,1,1,1,1,1,0,0,0,0
0,41,0,0,0,0,0,0,0,0,0,0,0,0,0,0,0
0,41,0,0,1,1,41,41,1,1,1,1,41,41,1,1,0
0,41,0,0,1,1,41,41,1,41,41,1,41,41,1,1,0
0,41,41,41,1,1,41,41,1,1,1,1,41,41,1,1,0
0,0,0,0,0,0,0,0,0,0,0,0,0,0,0,0,0
@
350,150
spawn
41
12,2
11,1,5,4
32
14,2
11,1,5,4
@
sign
3,3
ここはそうげん;たのしんでけや
@