0,0,0,0,0,0,0,0,0,0,0,0,0,0,0,0,0,0,0,0,0,0,0,0,0,0,0,0,0,0,0,0,0,0
0,41,1,1,1,1,1,1,41,0,0,0,0,0,0,0,0,0,0,0,0,0,0,0,0,0,0,0,0,0,0,0,0,0
0,41,1,1,1,1,1,1,41,0,0,0,0,0,0,0,0,0,0,0,0,0,41,1,1,1,1,2,2,2,33,2,0,0
0,41,0,0,1,1,0,0,41,0,0,0,0,0,0,0,0,0,0,0,0,0,41,1,1,1,82,0,2,2,83,2,0,0
0,41,41,41,1,1,41,41,41,0,0,0,0,0,0,1,1,1,92,1,1,0,0,1,1,1,0,0,0,2,2,2,0,0
0,41,41,41,1,1,41,41,41,0,0,0,0,0,0,81,1,1,0,0,90,0,81,1,1,1,41,0,0,2,2,2,0,0
0,1,1,0,90,90,0,1,1,0,0,0,0,0,0,1,32,1,0,0,1,92,1,1,33,1,41,0,0,2,2,2,0,0
0,1,1,1,1,1,1,1,1,0,0,0,0,0,0,0,1,0,0,0,0,0,0,0,0,0,0,0,0,2,2,2,0,0
0,1,1,1,1,1,1,1,1,0,0,0,0,0,2,2,2,2,2,0,0,0,0,0,0,0,0,0,14,12,12,12,15,0
0,0,0,0,90,90,0,0,0,0,0,0,0,0,2,2,2,2,2,0,0,0,0,0,0,0,0,0,11,1,30,1,11,0
0,0,0,0,30,30,120,83,0,0,0,50,0,0,2,2,2,2,2,0,0,0,0,0,0,0,0,0,11,1,1,1,11,0
0,0,0,0,1,1,1,1,52,1,81,1,1,1,2,2,2,2,2,0,0,0,0,0,0,0,0,0,11,1,1,1,11,0
0,0,0,0,1,1,1,1,52,1,1,1,1,1,2,2,2,2,2,0,0,0,0,0,0,0,0,0,17,12,12,12,16,0
0,0,0,0,0,0,0,0,0,0,0,0,0,0,0,0,0,0,0,0,0,0,0,0,0,0,0,0,0,0,0,0,0,0
@
3050,1050
bossarea
false
14,8,5,5
true
1,1,8,8
@
spawn
0
24,4
22,2,5,5
1
16,11
14,8,5,5
11
3,4
1,1,8,8
11
6,4
1,1,8,8
@
sign
29,9
円滑の世界へようこそ！;↑をおしてすすんでみましょう
29,10
円滑の世界へようこそ！;↑をおしてすすんでみましょう
30,9
円滑の世界へようこそ！;↑をおしてすすんでみましょう
30,10
円滑の世界へようこそ！;↑をおしてすすんでみましょう
31,9
円滑の世界へようこそ！;↑をおしてすすんでみましょう
31,10
円滑の世界へようこそ！;↑をおしてすすんでみましょう
30,3
Ｚでたたく。Ｓでばくだん。;Ｘでかわす。
26,3
あれは敵です。;Ｚでたおしましょう！
22,5
てきがアイテムをおとしましたね。;enterキーで使えます。
15,5
下にはてきがひそんでいます。;たおすまで出られませんよ！
10,11
スイッチをおして;さきに進みましょう！
7,10
これはかいふくゾーン。;一回だけＨＰをかいふくできます。
@