0,0,0,0,0,0,0,0,0,0,0,0,0,0,0,0,0,0,0,0,0,0,0,0,0,0,0,0,0,0,0,0,0,0,0,0
0,40,40,40,40,40,40,40,40,40,40,40,40,40,40,40,40,40,40,40,40,40,40,40,40,40,40,40,40,40,40,40,40,40,40,0
0,40,1,1,83,1,1,40,40,40,40,40,40,40,40,40,40,40,40,40,40,40,40,1,1,40,2,2,2,2,2,40,1,1,40,0
0,40,1,1,1,1,1,40,40,40,40,0,0,1,1,1,1,1,1,1,1,110,1,1,1,40,2,41,41,41,2,1,1,1,40,0
0,40,1,1,1,1,1,40,40,40,40,0,81,1,1,1,110,1,1,1,110,1,1,1,1,40,2,41,41,41,2,40,1,1,40,0
0,40,40,40,1,40,40,40,40,40,40,0,0,1,40,40,40,40,40,40,40,40,40,1,1,1,2,41,41,41,2,40,1,1,40,0
0,40,40,40,1,40,40,40,40,40,40,40,40,1,40,40,40,40,40,40,40,40,40,1,1,40,2,2,2,2,2,40,1,120,40,0
0,40,40,40,1,40,40,40,40,40,40,40,40,1,40,40,40,40,40,40,40,40,40,40,40,40,40,40,40,40,40,40,40,40,40,0
0,40,40,40,1,40,40,40,40,40,40,40,40,1,40,40,40,40,40,40,40,40,40,40,40,40,40,40,40,40,40,40,40,40,40,0
0,40,40,40,1,40,40,40,40,40,40,40,40,1,40,40,40,40,40,40,40,40,40,40,40,40,40,40,40,40,40,40,40,40,40,0
0,40,0,1,1,1,0,40,40,40,40,40,40,1,40,0,0,0,0,0,0,0,0,0,0,0,0,0,0,0,0,0,0,0,0,0
0,40,1,1,1,1,1,40,40,40,40,40,1,1,1,0,0,0,0,0,0,0,0,0,0,0,0,0,0,0,0,0,0,0,0,0
0,40,1,1,1,1,1,1,1,1,1,1,1,120,1,4,4,4,4,4,4,2,2,2,2,0,0,0,0,0,0,0,0,0,0,0
0,40,1,1,1,1,1,40,40,40,40,40,1,1,1,0,0,0,0,0,0,2,2,2,2,0,0,0,0,0,0,0,0,0,0,0
0,40,0,1,1,1,0,40,40,40,40,40,40,40,40,0,0,0,0,0,0,2,2,2,2,0,0,0,0,0,0,0,0,0,0,0
0,40,40,40,40,40,40,40,40,40,40,40,40,40,40,0,0,0,0,0,0,2,2,2,2,0,0,0,0,0,0,0,0,0,0,0
0,0,0,0,0,0,0,0,0,0,0,0,0,0,0,0,0,0,0,0,0,0,0,0,0,0,0,0,0,0,0,0,0,0,0,0
0,0,0,0,0,0,0,0,0,0,0,0,0,0,0,0,0,0,0,0,0,0,0,0,0,0,0,0,0,0,0,0,0,0,0,0
0,0,0,0,0,0,0,0,0,0,0,0,0,0,0,0,0,0,0,0,0,0,0,0,0,0,0,0,0,0,0,0,0,0,0,0
@
450,350
bossarea
false
2,10,5,5
true
23,2,11,5
@
spawn
32
6,7
4,5,1,1
32
2,7
4,5,1,1
13
4,13
2,10,5,5
121
23,14
21,12,4,4
21
18,2
12,3,3,2
81
32,3
23,2,11,5
82
32,5
23,2,11,5
@
sign
4,2
看板
12,4
爆弾注意
@