0,0,0,0,0,0,0,0,0,0,0,0,0,0,0,0,0,0,0,0
0,41,41,41,41,41,0,0,1,1,1,1,1,0,0,0,0,0,0,0
0,41,2,2,2,41,41,41,1,1,1,1,1,0,1,1,1,0,0,0
0,41,2,2,2,41,41,41,1,1,0,1,1,1,1,80,1,0,0,0
0,41,2,2,2,41,41,41,1,1,1,1,1,0,1,1,1,0,0,0
0,41,41,41,41,41,0,0,1,1,1,1,1,0,0,41,0,0,0,0
0,0,0,0,0,0,0,0,0,0,0,0,0,0,41,41,0,0,0,0
0,0,0,0,0,0,0,0,0,0,0,0,0,41,41,41,0,0,0,0
0,1,1,1,1,1,1,1,1,1,64,41,41,41,0,41,0,0,0,0
0,1,1,40,1,1,40,1,1,0,0,41,41,41,41,41,0,0,0,0
0,1,40,40,1,1,40,40,1,0,64,1,1,1,1,1,0,0,0,0
0,1,1,1,1,1,1,1,1,0,62,68,68,68,68,1,0,0,0,0
0,1,1,1,1,1,1,1,1,0,0,0,0,0,68,1,0,0,0,0
0,1,40,40,1,1,40,40,1,0,0,0,0,0,68,1,0,0,0,0
0,1,1,40,1,1,40,1,1,0,0,0,0,0,68,1,0,0,0,0
0,1,1,1,1,1,1,1,1,0,0,0,0,0,66,1,0,0,0,0
0,0,0,0,0,0,0,0,0,0,0,0,0,0,0,0,0,0,0,0
0,0,0,0,0,0,0,0,0,0,0,0,0,0,0,0,0,0,0,0
0,0,0,0,0,0,0,0,0,0,0,0,0,0,0,0,0,0,0,0
0,0,0,0,0,0,0,0,0,0,0,0,0,0,0,0,0,0,0,0
@
350,350
bossarea
false
8,1,5,5
true
0,7,10,10
@
spawn
1
9,3
8,1,5,5
11
11,3
8,1,5,5
3
14,7
12,6,5,5
14
13,8
12,6,5,5
42
3,11
0,7,10,10
32
3,11
0,7,10,10
32
3,11
0,7,10,10
@
sign
15,3
看板です。;よろしく
@