0,0,0,0,0,0,0,0,0,0,0,0,0,0,0,0,0,0,0,0
0,1,1,83,1,1,0,0,0,1,1,1,1,1,52,2,2,2,80,0
0,1,1,1,1,1,0,0,0,1,0,1,1,1,0,0,0,2,54,0
0,1,1,1,1,1,110,1,1,1,1,110,0,1,0,0,0,2,120,0
0,1,0,0,0,1,0,0,0,1,1,1,1,1,0,0,0,0,0,0
0,1,1,1,1,1,0,0,0,1,1,1,1,1,0,0,0,0,0,0
0,0,0,52,0,0,0,0,0,1,0,0,0,0,0,0,0,0,0,0
0,0,0,1,0,0,0,0,0,1,1,1,1,1,1,1,1,0,0,0
0,0,0,1,0,0,0,0,0,1,1,0,1,1,0,0,1,0,0,0
0,0,0,1,0,0,0,0,0,110,0,1,1,0,1,1,1,0,0,0
0,0,0,1,0,83,0,0,0,1,1,1,40,40,1,110,1,0,0,0
0,1,1,1,1,1,0,0,0,1,1,40,40,40,40,0,1,0,0,0
0,91,0,91,0,91,0,0,0,1,0,40,40,40,40,1,1,0,0,0
0,1,0,1,0,1,0,0,0,1,0,40,83,50,40,1,0,0,0,0
0,111,0,1,0,111,0,0,0,1,1,40,1,1,40,1,110,0,0,0
0,91,0,91,0,91,0,0,0,40,1,1,1,1,1,1,40,0,0,0
0,1,1,1,1,1,0,0,0,40,40,110,1,1,1,40,40,0,0,0
0,1,1,1,1,1,0,0,0,0,0,0,0,0,0,0,0,0,0,0
0,91,0,91,0,91,0,0,0,0,0,0,0,0,0,0,0,0,0,0
0,1,0,1,0,1,0,0,0,0,0,0,0,0,0,0,0,0,0,0
0,111,0,111,0,1,0,0,0,0,0,0,1,1,1,1,40,0,0,0
0,91,0,91,0,91,0,0,0,0,0,0,1,1,1,1,40,0,0,0
0,1,1,1,1,1,56,1,0,0,0,0,110,1,1,0,40,0,0,0
0,1,111,1,1,1,56,1,0,0,0,0,1,1,1,1,40,0,0,0
0,91,0,91,0,91,0,91,0,0,0,0,1,1,1,110,40,0,0,0
0,1,0,1,0,1,0,1,0,0,0,0,1,0,1,1,40,0,0,0
0,111,0,111,0,111,0,1,0,0,0,0,1,0,1,1,40,0,0,0
0,91,0,91,0,91,0,91,0,0,0,0,1,110,1,1,40,0,0,0
0,1,1,1,1,1,1,1,0,0,0,0,1,1,1,1,40,0,0,0
0,1,1,1,1,1,1,1,1,1,1,1,1,1,1,1,40,0,0,0
0,1,1,1,1,1,1,1,0,0,0,0,0,0,0,0,0,0,0,0
0,0,0,0,0,0,0,0,0,0,0,0,0,0,0,0,0,0,0,0
@
350,350
bossarea
false
9,1,5,5
true
12,20,5,10
false
9,7,8,10
@
spawn
13
11,3
9,1,5,5
21
11,10
9,7,8,10
12
14,7
9,7,8,10
3
15,10
9,7,8,10
32
10,14
9,7,8,10
2
15,15
9,7,8,10
41
13,24
12,20,5,10
@
sign
3,1
ここはボムボム鉱山;足元に気を付けて
18,1
真ん中、右;最後は一番右
5,10
道に爆弾を仕掛けておいた。;誰も通さんぞ。
12,13
入口の扉が開きます。
@