0,0,0,0,0,0,0,0,0,0,0,0,0,0,0,0,0,0,0,0,0,0,0,0,0,0,0,0,0,0,0,0,0,0,0,0,0
0,0,0,0,180,180,180,180,180,180,180,180,180,180,180,180,180,180,180,180,180,180,180,180,180,180,180,180,180,180,180,180,180,0,0,0,0
0,0,0,0,180,180,180,180,180,180,180,180,180,180,180,180,180,181,181,181,181,181,181,181,180,180,180,180,1,1,1,1,54,0,0,0,0
0,0,0,0,180,1,180,164,1,1,1,1,1,1,1,1,1,181,181,180,180,180,181,181,180,180,180,180,1,1,1,1,1,0,0,0,0
0,0,0,0,180,180,180,180,180,180,180,180,180,180,180,180,180,181,181,180,180,180,181,181,180,180,180,180,1,1,1,1,120,0,0,0,0
0,0,0,0,180,180,180,180,180,180,180,180,180,64,1,1,1,181,181,181,181,181,181,181,180,180,180,180,180,180,68,180,180,0,0,0,0
0,0,0,0,180,180,1,1,1,1,1,180,180,1,180,180,180,180,68,180,180,180,180,180,180,180,180,180,180,180,1,180,180,0,0,0,0
0,0,0,0,180,180,160,180,180,180,1,180,180,1,180,1,180,180,1,1,1,1,1,180,180,180,180,180,180,180,1,180,180,0,0,0,0
0,0,0,0,180,180,180,180,1,180,1,1,1,1,180,180,180,180,1,180,180,180,1,180,180,181,181,181,181,181,181,181,180,0,0,0,0
0,0,0,0,180,180,1,180,180,180,1,180,180,180,180,180,180,180,1,180,1,180,1,1,93,181,180,180,181,180,180,181,180,0,0,0,0
0,0,0,0,180,180,1,1,1,1,1,180,180,180,1,1,1,1,1,180,180,180,180,180,180,181,180,180,181,180,180,181,180,0,0,0,0
0,0,0,0,180,180,180,180,180,180,180,180,180,180,1,180,180,180,1,180,180,180,180,180,180,181,181,181,181,181,181,181,180,0,0,0,0
0,0,0,0,180,180,180,180,1,180,180,180,1,180,1,180,1,180,1,68,1,1,1,180,180,181,180,180,181,180,180,181,180,0,0,0,0
0,0,0,0,180,180,180,180,180,180,180,180,180,180,1,180,180,180,1,180,180,180,1,180,180,181,180,180,181,180,180,181,180,0,0,0,0
0,0,0,0,180,180,166,1,1,1,180,180,1,1,1,1,1,1,1,180,1,180,1,180,180,181,181,181,181,181,181,181,180,0,0,0,0
0,0,0,0,180,180,180,180,180,1,180,180,1,180,180,180,180,180,180,180,180,180,1,180,180,180,180,180,1,180,180,180,180,0,0,0,0
0,0,0,0,180,180,1,180,180,1,180,180,1,180,180,180,180,180,180,180,180,180,1,180,180,1,180,180,1,180,180,180,180,0,0,0,0
0,0,0,0,180,180,180,180,180,1,180,180,1,180,180,1,180,1,1,1,1,1,168,180,180,180,180,180,1,180,180,1,180,0,0,0,0
0,0,0,0,180,180,180,180,180,1,180,180,1,180,180,180,180,1,180,180,180,180,180,180,180,180,180,180,1,180,180,180,180,0,0,0,0
0,0,0,0,180,180,1,180,1,1,1,1,1,68,1,180,180,1,180,180,180,1,1,1,1,1,180,180,1,180,180,180,180,0,0,0,0
0,0,0,0,180,180,180,180,1,180,180,180,180,180,1,1,1,1,1,180,180,1,180,180,180,1,180,180,1,180,180,180,180,0,0,0,0
0,0,0,0,180,1,1,1,1,1,180,1,180,180,1,180,180,180,1,180,180,1,180,180,180,1,180,180,1,180,180,1,180,0,0,0,0
0,0,0,0,180,1,180,180,180,1,180,180,180,180,1,180,1,180,1,1,1,1,180,1,180,1,92,1,1,180,180,180,180,0,0,0,0
0,0,0,0,180,1,180,1,180,1,180,180,180,180,1,180,180,180,1,180,1,180,180,180,180,1,180,180,180,180,180,180,180,0,0,0,0
0,0,0,0,180,1,180,180,180,1,1,1,180,180,1,180,180,180,1,180,1,1,1,180,180,1,180,180,180,180,180,180,180,0,0,0,0
0,0,0,0,180,1,1,180,180,180,180,1,180,180,1,1,1,1,1,180,180,180,1,180,180,1,180,180,1,180,180,180,180,0,0,0,0
0,0,0,0,180,180,1,180,180,180,180,1,180,180,180,180,180,180,66,180,180,180,1,1,1,1,180,180,180,180,180,180,180,0,0,0,0
0,0,0,0,180,180,1,180,180,180,180,1,180,180,180,180,180,180,180,180,180,180,180,1,180,180,180,180,180,180,180,180,180,0,0,0,0
0,0,0,0,181,181,181,181,181,181,181,181,181,0,0,0,0,0,0,0,180,181,181,181,181,180,181,181,181,181,0,0,0,0,0,0,0
0,0,0,0,181,181,181,181,140,181,181,181,181,0,0,0,0,0,0,0,180,181,181,181,181,181,181,181,181,181,0,0,0,0,0,0,0
0,0,0,0,181,181,181,181,181,181,181,181,181,0,0,0,83,0,0,0,180,181,181,181,181,180,181,181,181,181,0,0,0,0,0,0,0
0,0,0,0,181,181,181,181,181,181,181,181,181,92,1,181,181,181,1,1,56,181,181,181,180,180,180,181,181,181,0,0,0,0,0,0,0
0,0,0,0,181,140,181,181,140,181,181,140,181,92,1,181,1,181,1,1,180,180,181,180,180,180,180,180,181,180,0,0,0,0,0,0,0
0,0,0,0,181,181,181,181,181,181,181,181,181,92,1,181,181,181,1,1,60,181,181,181,180,180,180,181,181,181,0,0,0,0,0,0,0
0,0,0,0,181,181,181,181,181,181,181,181,181,0,0,1,1,1,0,0,180,181,181,181,181,180,181,181,181,181,0,0,0,0,0,0,0
0,0,0,0,181,181,181,181,140,181,181,181,181,0,0,1,1,1,0,0,180,181,181,181,181,181,181,181,181,181,0,0,0,0,0,0,0
0,0,0,0,181,181,181,181,181,181,181,181,181,0,0,1,1,1,0,0,180,181,181,181,181,180,181,181,181,181,0,0,0,0,0,0,0
0,0,0,0,0,0,0,0,0,0,0,0,0,0,0,1,1,1,0,0,0,0,0,0,0,0,0,0,0,0,0,0,0,0,0,0,0
0,0,0,0,0,0,0,0,0,0,0,0,0,0,0,1,1,1,0,0,0,0,0,0,0,0,0,0,0,0,0,0,0,0,0,0,0
0,180,180,180,180,180,180,180,180,180,180,180,180,180,180,180,1,180,180,180,180,180,180,180,180,180,180,180,180,180,180,180,180,0,0,0,0
0,180,180,180,180,180,180,180,180,180,180,180,180,180,180,180,1,180,180,180,180,180,180,180,180,180,180,180,180,170,180,180,180,0,0,0,0
0,180,1,180,180,1,180,180,1,180,180,1,1,1,1,1,1,180,180,1,1,1,1,1,1,1,180,180,180,1,180,180,180,0,0,0,0
0,180,180,180,180,180,180,180,180,180,180,1,180,180,180,180,180,180,180,1,180,180,180,180,180,1,180,1,180,1,180,1,180,0,0,0,0
0,180,180,180,1,1,1,1,1,1,1,1,180,1,180,180,1,1,1,1,180,180,180,180,180,1,180,180,180,1,180,180,180,0,0,0,0
0,180,180,180,1,180,180,180,180,180,1,180,180,180,180,180,1,180,180,180,180,180,1,1,1,1,1,1,1,68,180,180,180,0,0,0,0
0,180,1,180,1,180,1,180,1,180,1,1,1,1,1,1,1,180,180,1,180,180,1,180,180,180,180,180,180,180,180,180,180,0,0,0,0
0,180,180,180,1,180,180,180,180,180,1,180,1,180,180,180,180,180,180,180,180,180,1,180,180,1,180,180,180,180,180,180,180,0,0,0,0
0,180,180,180,1,1,1,1,1,1,1,180,1,180,180,180,180,180,1,1,1,1,1,1,180,180,180,180,180,180,180,180,180,0,0,0,0
0,180,180,180,180,180,180,180,1,180,180,180,1,180,180,1,1,1,1,180,180,180,180,1,180,180,180,180,180,180,180,180,180,0,0,0,0
0,180,58,1,1,180,1,180,1,180,180,180,1,180,180,1,180,180,1,180,180,1,180,1,180,180,1,180,1,1,1,180,180,0,0,0,0
0,180,180,180,1,180,180,180,1,1,1,1,1,180,180,1,180,180,1,180,180,180,180,1,180,180,180,180,1,62,1,180,180,0,0,0,0
0,180,180,180,1,1,1,1,1,180,180,1,180,180,180,1,180,180,1,1,1,1,1,1,1,1,1,56,1,1,1,180,180,0,0,0,0
0,180,1,180,180,180,180,180,180,180,180,1,1,1,1,1,180,180,180,180,180,180,180,180,180,180,180,180,180,180,180,180,180,0,0,0,0
0,180,180,180,180,180,180,1,180,180,180,180,180,180,180,180,180,180,180,180,180,180,180,180,180,180,180,180,180,180,180,180,180,0,0,0,0
0,0,0,0,0,0,0,0,0,0,0,0,0,0,0,0,0,0,0,0,0,0,0,0,0,0,0,0,0,0,0,0,0,0,0,0,0
0,0,0,0,0,0,0,0,0,0,0,0,0,0,0,0,0,0,0,0,0,0,0,0,0,0,0,0,0,0,0,0,0,0,0,0,0
0,0,0,0,0,0,0,0,0,0,0,0,0,0,0,0,0,0,0,0,0,0,0,0,0,0,0,0,0,0,0,0,0,0,0,0,0
0,0,0,0,0,0,0,0,0,0,0,0,0,0,0,0,0,0,0,0,0,0,0,0,0,0,0,0,0,0,0,0,0,0,0,0,0
0,0,0,0,0,0,0,0,0,0,0,0,0,0,0,0,0,0,0,0,120,1,1,1,180,180,180,1,1,1,1,0,0,0,0,0,0
0,0,0,0,0,0,0,0,0,0,0,0,0,0,0,0,0,0,0,0,180,180,1,1,180,180,180,1,1,180,180,0,0,0,0,0,0
0,0,0,0,0,0,0,0,0,0,0,0,0,0,0,0,0,0,0,0,180,180,181,181,181,181,181,181,181,180,180,0,0,0,0,0,0
0,0,0,0,0,0,0,0,0,0,0,0,0,0,0,0,0,0,0,0,180,180,181,181,181,181,181,181,181,180,180,0,0,0,0,0,0
0,0,0,0,0,181,181,181,1,1,181,1,1,181,1,1,181,1,1,181,1,1,181,181,180,180,180,181,181,1,1,0,0,0,0,0,0
0,0,0,0,120,181,162,181,1,1,1,1,1,1,1,1,1,1,1,1,1,1,181,181,180,180,180,181,181,1,1,0,0,0,0,0,0
0,0,0,0,0,181,181,181,1,1,181,1,1,181,1,1,181,1,1,181,1,1,181,181,180,180,180,181,181,1,1,0,0,0,0,0,0
0,0,0,0,0,0,0,0,0,0,0,0,0,0,0,0,0,0,0,0,180,180,181,181,181,181,181,181,181,180,180,0,0,0,0,0,0
0,0,0,0,0,0,0,0,0,0,0,0,0,0,0,0,0,0,0,0,180,180,181,181,181,181,181,181,181,180,180,0,0,0,0,0,0
0,0,0,0,0,0,0,0,0,0,0,0,0,0,0,0,0,0,0,0,180,180,1,1,180,180,180,1,1,180,180,0,0,0,0,0,0
0,0,0,0,0,0,0,0,0,0,0,0,0,0,0,0,0,0,0,0,1,1,1,1,180,180,180,1,1,1,120,0,0,0,0,0,0
0,0,0,0,0,0,0,0,0,0,0,0,0,0,0,0,0,0,0,0,0,0,0,0,0,0,0,0,0,0,0,0,0,0,0,0,0
@
1650,3250
bossarea
true
20,58,11,11
false
21,28,9,9
false
4,28,9,9
false
25,8,7,7
false
17,2,7,4
@
spawn
42
25,63
20,58,11,11
33
7,53
6,49,5,2
33
2,52
4,50,5,2
32
6,45
4,43,7,5
32
8,45
4,43,7,5
31
8,41
11,41,6,2
32
5,41
4,43,7,5
33
2,41
4,43,7,5
32
2,45
4,43,7,5
34
6,49
8,48,3,3
34
19,45
16,43,7,5
34
21,49
18,47,6,5
33
13,43
11,41,6,2
35
26,49
18,47,6,5
35
25,46
22,41,2,11
33
27,42
25,41,5,4
33
31,42
25,41,5,4
44
25,32
21,28,9,9
14
22,29
21,28,9,9
14
28,29
21,28,9,9
14
22,35
21,28,9,9
14
28,35
21,28,9,9
25
6,32
4,28,9,9
11
9,29
4,28,9,9
11
9,35
4,28,9,9
11
11,34
4,28,9,9
11
11,30
4,28,9,9
11
7,34
4,28,9,9
11
7,30
4,28,9,9
33
7,23
5,21,5,5
33
11,21
8,19,4,6
33
6,19
5,19,5,5
34
6,16
6,14,4,5
35
8,12
6,14,4,5
32
12,12
12,14,1,3
35
16,12
14,10,5,5
33
15,17
14,17,4,4
34
16,22
14,20,5,6
33
23,22
21,19,5,8
33
28,25
26,22,3,1
33
31,21
28,15,1,8
33
31,17
28,15,1,8
33
25,16
28,15,1,8
41
28,11
25,8,7,7
34
20,9
18,7,5,3
33
15,7
14,7,5,4
32
20,14
18,12,5,3
44
22,3
17,2,7,4
113
8,8
6,6,5,5
@
sign
16,30
魔法の床は飛び道具を;打ち消す
@