0,0,0,0,0,0,0,0,0,0,0,0,0,0,0,0,0,0,0,0,0,0,0,0,0,0,0,0,0,0,0,0,0
0,1,1,1,1,1,0,0,0,0,0,131,131,131,132,131,132,131,132,131,131,132,0,1,1,1,1,1,1,0,0,0,0
0,1,1,1,1,1,0,0,0,0,0,130,131,132,132,130,132,133,132,131,130,132,0,136,1,1,1,1,134,0,0,0,0
0,1,1,1,1,1,52,131,131,131,131,1,130,132,133,54,132,133,132,132,133,132,56,136,1,136,136,1,134,0,0,0,0
0,1,1,1,1,1,0,0,0,0,0,132,130,133,130,131,131,132,133,132,130,132,0,136,137,1,1,135,134,0,0,0,0
0,1,1,1,1,1,0,0,0,0,0,131,131,131,130,133,133,133,133,133,130,133,0,136,1,134,134,1,134,0,0,0,0
0,90,0,132,0,0,0,0,0,0,0,0,0,0,0,0,0,0,0,0,0,0,0,136,1,1,1,1,134,0,0,0,0
0,120,0,132,0,0,0,0,0,0,0,0,0,0,0,0,0,0,0,0,0,0,0,1,1,1,1,1,1,0,0,0,0
0,130,0,132,0,0,0,0,0,0,0,0,0,0,0,0,0,0,0,0,0,0,0,0,0,0,0,0,0,0,0,0,0
0,130,0,132,0,0,0,0,0,0,0,0,0,0,0,0,0,0,0,0,0,0,0,0,0,0,0,0,0,0,0,0,0
0,130,0,132,0,0,0,0,0,0,0,0,0,0,0,0,0,0,0,0,0,0,0,0,0,0,0,0,0,0,0,0,0
0,130,0,132,0,0,0,0,0,0,0,131,131,131,131,131,131,132,0,0,0,41,41,41,41,41,41,41,41,41,41,41,0
0,130,0,132,0,0,0,0,0,0,0,130,1,1,130,1,1,132,0,0,0,41,130,131,131,131,131,131,131,131,132,41,0
0,130,0,132,0,0,0,0,0,0,0,130,1,1,130,1,1,132,0,0,0,41,130,41,41,41,41,41,41,41,132,41,0
0,130,0,131,131,131,131,131,131,131,131,1,131,131,1,133,133,1,131,131,131,131,130,41,41,41,41,41,41,41,132,41,0
0,130,0,0,0,0,0,0,0,0,0,130,1,1,132,1,1,132,0,0,0,41,130,41,41,41,41,41,41,41,132,41,0
0,130,0,0,0,0,0,0,0,0,0,130,1,1,132,1,1,132,0,0,0,41,130,133,133,133,133,133,133,133,133,41,0
0,130,0,0,0,0,0,0,0,0,0,130,133,133,133,133,133,133,0,0,0,41,41,41,41,41,1,41,41,41,41,41,0
0,130,0,0,0,0,0,0,0,0,0,0,0,0,0,0,0,0,0,0,0,0,0,0,0,0,1,0,0,0,0,0,0
0,50,133,132,132,133,133,133,41,41,41,41,41,1,1,1,1,1,1,1,41,41,41,41,41,41,1,41,0,0,0,0,0
0,130,133,132,132,133,131,133,133,133,133,133,133,1,132,133,133,133,133,1,41,132,133,133,133,133,133,41,0,0,0,0,0
0,132,132,131,131,133,133,132,41,41,41,41,41,1,132,1,1,1,130,1,41,132,41,41,41,41,41,41,0,0,0,0,0
0,132,131,132,130,130,132,131,41,41,41,41,41,1,132,1,1,1,130,1,41,131,131,131,131,131,132,41,0,0,0,0,0
0,130,130,130,130,130,131,133,41,41,41,41,41,1,132,1,1,1,130,1,41,41,41,41,41,41,132,41,0,0,0,0,0
0,132,130,131,133,132,132,130,133,133,133,133,133,1,131,131,131,131,130,1,133,133,133,133,133,133,133,1,120,0,0,0,0
0,131,131,133,130,133,131,130,41,41,41,41,41,1,1,1,1,1,1,1,41,41,41,41,41,41,41,41,0,0,0,0,0
0,0,0,0,0,0,0,0,0,0,0,0,0,0,0,0,0,0,0,0,0,0,0,0,0,0,0,0,0,0,0,0,0
@
350,350
bossarea
false
11,11,7,7
false
21,11,11,7
false
13,19,7,7
false
1,19,7,7
true
23,1,6,7
@
spawn
21
27,2
23,1,6,7
12
24,6
23,1,6,7
12
27,6
23,1,6,7
3
14,14
11,11,7,7
1
5,21
1,19,7,7
11
5,23
1,19,7,7
31
3,22
1,19,7,7
12
16,22
13,19,7,7
11
25,14
21,11,11,7
1
28,14
21,11,11,7
1
26,12
21,11,11,7
31
26,16
21,11,11,7
31
22,21
20,19,8,7
31
25,23
20,19,8,7
@