0,0,0,0,0,0,0,0,0,0,0,0,0,0,0,0,0,0,0,0,0,0,0,0,0
0,0,0,0,0,0,0,0,0,0,0,0,0,0,0,0,0,0,0,0,0,0,0,0,0
0,0,1,1,1,1,0,0,0,0,0,0,0,0,0,0,0,0,0,0,0,0,0,0,0
0,0,1,1,1,31,1,1,1,2,2,2,2,2,2,41,41,2,2,2,2,3,41,41,0
0,0,1,1,1,1,0,0,0,2,2,2,2,0,2,41,41,2,2,2,2,3,41,41,0
0,0,1,32,1,1,0,0,0,2,2,2,2,2,2,41,41,41,2,2,3,3,3,41,0
0,0,2,2,2,0,0,0,0,2,2,2,2,2,2,2,1,1,2,2,2,3,3,41,0
0,2,2,2,2,2,0,0,0,2,0,2,2,2,2,2,41,41,2,2,2,2,3,3,0
0,2,2,2,2,2,0,0,0,2,2,2,2,2,0,0,0,0,0,2,2,2,2,2,0
0,41,41,2,2,2,0,0,0,2,2,2,2,2,0,0,41,41,0,2,2,2,2,2,0
0,2,41,41,41,41,0,0,0,2,2,2,2,2,0,41,41,41,0,2,2,2,2,2,0
0,2,2,41,2,2,0,0,0,2,2,2,41,41,0,41,0,41,0,41,41,2,2,2,0
0,2,2,41,2,2,0,0,0,2,41,1,41,41,0,0,0,0,0,41,41,41,1,41,0
0,2,2,41,41,2,0,0,0,41,41,1,2,2,2,2,2,2,2,2,2,41,1,41,0
0,2,2,2,41,41,0,0,0,41,2,2,2,2,2,2,2,0,2,2,2,2,2,2,0
0,2,2,2,2,2,0,0,0,2,2,2,2,0,2,2,2,0,2,2,2,2,2,2,0
0,2,2,2,2,2,0,0,0,2,2,2,2,0,2,2,2,2,2,2,2,2,2,2,0
0,41,2,2,2,2,0,0,0,2,2,2,2,2,2,2,2,2,2,2,2,2,82,2,0
0,41,41,41,2,2,0,0,0,0,0,0,0,0,0,0,0,0,0,0,2,2,0,0,0
0,2,2,41,41,41,0,0,0,0,0,0,0,0,0,0,0,0,2,2,2,2,2,2,0
0,2,2,2,2,2,2,41,2,2,2,2,2,2,41,41,41,0,2,2,2,2,2,2,0
0,2,2,2,2,2,2,41,41,2,2,2,2,2,2,2,41,0,2,2,2,2,2,2,0
0,2,2,2,2,2,2,2,41,41,2,2,2,2,2,2,2,2,2,2,2,2,2,2,0
0,2,2,2,2,2,2,2,2,41,41,41,2,2,2,2,2,0,2,2,2,2,2,2,0
0,2,2,2,2,2,2,2,2,2,2,41,41,41,2,2,2,0,2,2,2,2,2,2,0
0,0,0,0,0,0,0,0,0,0,0,0,0,0,0,0,0,0,0,0,0,0,0,0,0
@
350,350
bossarea
false
7,20,10,5
false
9,3,5,5
false
9,13,5,5
false
19,13,5,5
true
18,19,6,6
false
19,3,5,5
false
1,13,5,6
@
spawn
1
11,5
9,3,5,5
1
9,10
9,9,5,4
1
13,11
9,9,5,4
1
10,11
9,9,5,4
1
12,9
9,9,5,4
11
9,16
9,13,5,5
11
12,15
9,13,5,5
11
23,9
19,9,5,4
1
19,10
19,9,5,4
11
21,12
19,9,5,4
1
17,13
15,13,4,5
11
15,16
15,13,4,5
2
18,15
15,13,4,5
2
23,17
19,13,5,5
12
21,15
19,13,5,5
1
5,9
1,7,5,5
1
2,10
1,7,5,5
2
10,20
7,20,10,5
2
12,23
7,20,10,5
12
15,21
7,20,10,5
12
16,24
7,20,10,5
2
9,22
7,20,10,5
21
22,23
18,19,6,6
11
13,3
9,3,5,5
1
19,3
19,3,5,5
11
23,5
19,3,5,5
1
17,3
15,3,3,5
11
16,6
15,3,3,5
1
1,23
1,20,5,5
11
4,22
1,20,5,5
11
3,24
1,20,5,5
1
1,13
1,13,5,6
11
2,17
1,13,5,6
11
4,16
1,13,5,6
@
sign
22,17
この先ボス注意
@