0,0,0,0,0,0,0,0,0,0,0,0,0,0,0,0,0,0,0,0,0,0,0,0,0,0,0,0,0,0,0,0,0,0,0,0,0,0,0,0,0,0,0,0,0,0,0,0,0,0,0,0,0,0,0,0,0,0
0,40,40,40,40,40,40,40,40,40,40,40,40,0,40,40,40,40,40,40,40,40,40,40,40,40,40,40,40,40,40,40,40,40,40,40,40,40,40,40,40,40,40,40,40,40,40,40,40,40,40,40,1,1,1,1,120,0
0,40,5,5,5,5,5,5,5,5,5,5,40,0,40,5,5,5,5,5,5,5,40,40,40,40,40,5,5,5,5,5,5,40,40,40,40,40,40,40,40,40,40,40,40,40,40,40,40,40,40,40,1,40,40,40,40,0
0,40,5,5,5,5,5,5,5,5,5,5,40,0,40,5,1,1,1,1,1,5,40,40,40,40,40,5,1,1,1,1,5,40,40,120,40,40,40,40,40,40,40,40,40,40,40,40,40,40,40,40,1,40,40,40,40,0
0,40,5,5,5,5,5,5,5,5,5,5,40,0,40,5,1,1,1,1,1,5,5,5,5,5,5,5,1,1,1,1,5,1,1,1,1,1,1,1,1,40,40,40,40,40,40,1,1,1,1,1,1,40,40,40,40,0
0,40,5,5,5,5,5,5,5,5,5,5,40,0,40,5,1,1,1,1,1,1,1,1,1,1,1,1,1,1,1,1,5,1,1,1,1,1,1,1,1,40,40,40,40,40,40,1,40,40,40,40,1,40,40,40,40,0
0,40,5,5,5,5,5,5,5,5,5,5,40,0,40,5,1,1,1,1,1,5,5,5,5,5,5,5,1,1,1,1,5,40,40,40,40,40,40,40,1,40,40,40,40,40,40,1,40,40,40,40,1,1,40,40,40,0
0,40,40,40,40,40,5,5,40,40,40,40,40,0,40,5,1,1,1,1,1,5,40,40,40,40,40,5,5,1,5,5,5,40,40,40,40,40,40,40,1,1,1,40,40,40,40,1,1,1,40,40,40,1,1,1,40,0
0,40,40,40,40,40,5,5,40,40,40,40,40,0,40,5,5,1,5,5,5,5,40,40,40,40,40,40,5,1,5,40,40,40,40,40,40,1,1,1,1,40,1,40,40,40,40,1,40,1,40,40,40,40,40,1,40,0
0,40,40,40,40,40,5,5,40,40,40,40,40,0,40,40,5,1,5,40,40,40,40,40,40,40,40,40,5,1,5,40,40,40,40,40,40,1,40,40,40,40,1,1,1,1,1,1,40,1,40,40,40,40,40,1,40,0
0,40,40,40,40,40,5,5,40,40,40,40,40,0,40,40,5,1,5,40,40,40,40,40,40,40,40,40,5,1,5,40,40,40,40,40,40,1,1,1,40,40,1,40,40,1,40,40,40,1,1,1,40,40,40,1,40,0
0,40,40,40,40,40,5,5,40,40,40,40,40,0,40,40,5,1,5,40,40,40,40,40,40,40,40,40,5,1,5,40,40,40,40,40,40,40,40,1,1,1,1,40,40,1,40,40,40,40,40,1,1,1,1,1,40,0
0,40,40,40,40,40,5,5,40,40,40,40,40,40,40,40,5,1,5,40,40,40,40,40,40,40,40,40,5,1,5,40,40,40,40,40,40,1,1,1,40,1,40,40,40,1,1,1,40,40,40,1,40,40,40,40,40,0
0,40,5,5,5,5,5,5,40,40,40,40,40,40,40,40,5,1,5,40,40,40,40,40,40,40,5,5,5,1,5,5,5,40,40,40,40,1,40,40,40,1,40,40,40,40,40,1,1,1,1,1,40,40,40,40,40,0
0,40,5,40,40,40,5,5,40,40,40,40,40,40,5,5,5,1,5,5,5,40,40,40,40,40,5,1,1,1,1,1,5,40,40,40,40,1,40,40,40,1,40,40,40,40,40,1,40,40,40,40,40,40,40,40,40,0
0,40,5,40,40,40,5,5,40,40,40,40,40,40,5,1,1,1,1,1,5,40,40,40,40,40,5,1,1,1,1,1,5,40,40,40,40,1,1,1,1,1,40,40,40,1,1,1,40,40,40,40,40,40,40,40,40,0
0,40,120,40,40,40,5,5,40,40,40,40,40,40,5,1,1,1,1,1,5,5,5,5,5,5,5,1,1,1,1,1,5,40,40,40,40,40,40,1,40,40,40,40,40,1,40,40,40,40,40,40,40,40,40,40,40,0
0,40,40,40,40,40,5,5,5,5,5,5,5,5,5,1,1,1,1,1,1,1,1,1,1,1,1,1,1,1,1,1,5,40,40,40,40,40,40,1,40,40,40,40,1,1,40,40,40,40,40,40,40,40,40,40,40,0
0,40,40,40,40,40,5,5,1,1,1,1,1,1,1,1,1,1,1,1,5,5,5,5,5,5,5,1,1,1,1,1,5,40,40,40,40,40,1,1,1,1,1,1,1,40,40,40,40,1,1,1,1,40,40,40,40,0
0,40,40,40,40,40,5,5,5,5,5,5,5,5,5,1,1,1,1,1,5,40,40,40,40,40,5,5,5,5,5,5,5,40,40,40,40,40,1,40,40,1,40,40,40,40,40,40,40,1,40,40,1,40,40,40,40,0
0,40,40,40,40,40,40,40,40,40,40,40,40,40,5,5,5,5,5,5,5,40,40,40,40,40,40,40,40,40,40,40,40,40,40,40,40,40,1,40,40,1,40,40,40,40,40,40,40,1,40,40,1,40,40,40,40,0
0,40,40,40,40,40,40,40,40,40,40,40,40,40,40,40,40,40,40,40,40,40,40,40,40,40,40,40,40,40,40,40,40,40,40,40,40,40,1,40,40,1,1,1,1,40,40,1,1,1,40,40,1,40,40,40,40,0
0,40,40,40,40,40,40,40,40,40,40,40,40,40,40,40,40,40,40,40,40,40,40,40,40,40,40,40,40,40,40,40,40,40,40,40,40,40,1,1,1,1,40,40,1,40,40,1,40,1,1,1,1,40,40,40,40,0
0,40,40,40,40,40,40,40,40,40,40,40,40,40,40,40,40,40,40,40,40,40,40,40,40,40,40,40,40,40,40,40,40,40,40,40,40,40,40,1,40,40,40,40,1,40,40,1,40,40,40,40,1,40,40,40,40,0
0,40,40,40,40,40,40,40,40,40,40,40,40,40,40,40,40,40,40,40,40,40,40,40,40,40,40,40,40,40,40,40,40,40,40,40,40,40,40,1,40,40,40,40,1,1,1,1,40,40,40,40,1,40,40,40,40,0
0,40,40,40,40,40,40,40,40,40,40,40,40,40,40,40,40,40,40,40,40,40,40,40,40,40,40,40,40,40,40,40,40,40,40,40,40,40,40,1,40,40,40,40,40,1,40,40,40,40,40,40,1,40,40,40,40,0
0,40,40,40,40,40,40,40,40,40,40,40,40,40,40,40,40,40,40,40,40,40,40,40,40,40,40,40,40,40,40,40,40,40,40,40,40,40,40,1,40,40,40,40,40,1,40,40,40,0,0,0,1,0,0,0,40,0
0,40,40,40,40,40,40,40,40,40,40,40,40,40,40,40,40,40,40,40,40,40,40,40,40,40,40,40,40,40,40,40,40,40,40,40,40,40,40,1,1,1,1,1,1,1,40,40,40,0,2,2,2,2,2,0,40,0
0,40,40,40,40,40,40,40,40,40,40,40,40,40,40,40,40,40,40,40,40,40,40,40,40,40,40,40,40,40,40,40,40,40,40,40,40,40,40,40,40,40,40,40,40,40,40,40,40,0,2,2,2,2,2,0,40,0
0,40,40,40,40,40,40,40,40,40,40,40,40,40,40,40,40,40,40,40,40,40,40,40,40,40,40,40,40,40,40,40,40,40,40,40,40,40,40,40,40,40,40,40,40,40,40,40,40,0,2,2,2,2,2,0,40,0
0,40,40,40,40,40,40,40,40,40,40,40,40,40,40,40,40,40,40,40,40,40,40,40,40,40,40,40,40,40,40,40,40,40,40,40,40,40,40,40,40,40,40,40,40,40,40,40,40,0,2,2,2,2,2,0,40,0
0,40,40,40,40,40,40,40,40,40,40,40,40,40,40,40,40,40,40,40,40,40,40,40,40,40,40,40,40,40,40,40,40,40,40,40,40,40,40,40,40,40,40,40,40,40,40,40,40,0,2,2,2,2,2,0,40,0
0,40,40,40,40,40,40,40,40,40,40,40,40,40,40,40,40,40,40,40,40,40,40,40,40,40,40,40,40,40,40,40,40,40,40,40,40,40,40,40,40,40,40,40,40,40,40,40,40,0,0,0,0,0,0,0,40,0
0,40,40,40,40,40,40,40,40,40,40,40,40,40,40,40,40,40,40,40,40,40,40,40,40,40,40,40,40,40,40,40,40,40,40,40,40,40,40,40,40,40,40,40,40,40,40,40,40,40,40,40,40,40,40,40,40,0
0,0,0,0,0,0,0,0,0,0,0,0,0,0,0,0,0,0,0,0,0,0,0,0,0,0,0,0,0,0,0,0,0,0,0,0,0,0,0,0,0,0,0,0,0,0,0,0,0,0,0,0,0,0,0,0,0,0
@
5250,2950
bossarea
true
1,1,12,7
false
27,2,6,6
false
15,2,7,7
false
26,13,7,7
false
14,14,7,7
@
spawn
22
4,3
1,1,12,7
21
9,3
1,1,12,7
32
2,11
2,13,4,4
31
2,18
2,13,4,4
12
4,15
2,13,4,4
31
54,19
49,18,4,5
32
49,15
49,18,4,5
31
45,19
44,21,4,4
32
36,18
38,18,4,5
33
39,13
37,11,5,5
12
48,10
45,7,7,7
31
45,1
47,4,5,1
32
39,7
37,7,6,4
12
28,3
27,2,6,6
12
31,6
27,2,6,6
3
17,5
15,2,7,7
2
28,16
26,13,7,7
2
30,16
26,13,7,7
12
17,17
14,14,7,7
32
14,20
14,14,7,7
@