0,0,0,0,0,0,0,0,0,0,0,0,0,0,0,0,0,0,0,0,0,0,0,0,0,0,0,0,0,0,0,0,0,0,0,0,0,0
0,0,0,40,1,1,1,1,1,1,1,1,1,40,40,40,40,40,40,40,40,40,40,40,40,0,0,0,0,0,0,0,0,0,0,0,0,0
0,0,0,40,40,1,1,1,1,1,1,1,1,40,1,1,1,1,1,1,40,40,1,1,1,1,110,1,120,0,0,0,0,0,0,0,0,0
0,0,0,110,40,1,1,1,1,1,1,1,40,40,1,1,1,1,1,1,1,1,1,1,40,0,0,0,0,0,0,0,0,0,0,0,0,0
0,0,0,1,40,40,1,1,1,1,110,1,1,1,1,1,1,1,1,1,40,40,1,110,40,0,0,0,0,0,0,0,0,0,0,0,0,0
0,0,0,1,1,40,40,1,1,1,1,40,40,40,1,1,1,1,1,1,40,40,58,162,40,0,0,0,0,0,0,0,0,0,0,0,0,0
0,0,0,1,1,1,40,1,40,40,40,40,40,40,40,40,40,40,40,40,40,40,40,40,40,0,0,0,0,0,0,0,0,0,0,0,0,0
0,0,0,40,1,1,1,1,40,40,0,0,0,0,0,0,0,0,0,0,0,0,0,0,0,0,0,0,0,0,0,0,0,0,0,0,0,0
0,0,0,40,1,1,1,1,1,40,0,0,0,0,0,0,0,0,0,0,0,0,0,0,0,0,0,0,0,0,0,0,0,0,0,0,0,0
0,0,0,40,1,110,1,1,1,40,0,0,0,0,0,0,0,0,0,0,0,0,0,0,0,0,0,0,0,0,0,0,0,0,0,0,0,0
0,0,0,40,40,1,1,1,1,1,0,0,0,0,0,0,0,0,0,0,0,0,0,0,0,0,0,0,0,0,0,0,0,0,0,0,0,0
0,0,0,40,40,1,1,1,1,1,0,0,0,0,0,1,160,1,0,0,0,0,0,0,0,0,0,0,0,0,0,0,0,0,0,0,0,0
0,0,0,1,1,1,1,1,1,1,0,0,0,0,0,1,1,1,0,0,0,0,0,0,40,40,40,1,1,1,1,1,40,0,0,0,0,0
0,0,0,1,1,1,1,1,1,1,0,0,0,0,0,91,0,91,0,0,0,0,0,0,1,1,1,1,1,1,1,1,40,0,0,0,0,0
0,0,0,1,1,1,1,1,1,1,0,0,0,0,1,1,83,1,1,0,0,0,0,0,1,1,1,1,1,1,1,1,40,0,0,0,0,0
0,0,0,1,1,0,0,1,1,1,0,0,0,0,1,1,1,1,1,0,0,0,0,0,1,1,1,1,1,1,40,1,40,0,0,0,0,0
0,0,0,1,1,1,110,1,1,1,1,1,110,1,1,1,1,1,1,60,1,1,1,1,1,1,1,40,40,40,40,1,1,0,0,0,0,0
0,0,0,1,1,1,1,1,1,1,0,0,0,0,1,0,0,0,1,0,0,90,0,0,40,40,40,40,40,40,1,1,1,0,0,0,0,0
0,0,0,1,1,1,1,1,0,1,0,0,0,0,1,1,1,1,1,0,0,1,0,0,40,40,1,1,1,1,1,1,1,0,0,0,0,0
0,0,0,1,1,0,1,1,0,1,0,0,0,0,0,0,52,0,0,0,0,1,0,0,40,1,1,1,1,1,1,40,40,0,0,0,0,0
0,0,0,0,0,0,60,0,0,0,0,0,0,0,0,0,1,0,0,0,0,1,0,0,40,1,1,1,1,40,40,40,40,0,0,0,0,0
0,0,0,0,0,0,2,0,0,0,0,0,0,0,0,0,1,0,0,0,0,1,0,0,40,1,1,1,40,40,40,1,1,0,0,0,0,0
0,0,0,0,0,0,2,0,0,0,0,0,0,0,1,1,1,1,1,0,0,1,0,0,40,1,1,1,40,40,1,50,1,0,0,0,0,0
0,0,0,0,0,0,2,0,0,0,0,0,0,0,1,1,1,1,1,0,0,1,0,0,40,1,1,1,1,40,1,1,1,0,0,0,0,0
0,0,0,0,0,2,2,2,0,0,0,0,0,0,91,0,91,0,91,0,0,1,1,1,1,1,1,1,1,1,1,1,1,0,0,0,0,0
0,0,0,0,0,2,2,2,0,0,0,0,0,0,1,0,1,0,1,0,0,1,1,1,1,1,1,1,1,1,1,1,40,0,0,0,0,0
0,0,0,0,0,120,82,54,0,0,0,0,0,0,1,0,111,0,111,0,0,40,40,40,40,1,1,1,40,40,40,40,40,0,0,0,0,0
0,0,0,0,0,0,0,0,0,0,0,0,0,0,91,0,91,0,91,0,0,0,0,0,0,0,0,0,0,0,0,0,0,0,0,0,0,0
0,0,0,0,0,0,0,0,0,0,0,0,0,0,1,1,1,1,1,0,0,0,0,0,0,0,0,0,0,0,0,0,0,0,0,0,0,0
0,0,0,0,0,0,0,0,0,0,0,0,0,0,1,111,1,1,1,0,0,0,0,0,0,0,0,0,0,0,0,0,0,0,0,0,0,0
0,0,0,0,0,0,0,0,0,0,0,0,0,0,91,0,91,0,91,0,0,0,0,0,0,0,0,0,0,0,0,0,0,0,0,0,0,0
0,0,0,0,0,0,0,0,0,0,0,0,0,0,1,0,1,0,1,0,0,0,0,0,0,0,0,0,0,0,0,0,0,0,0,0,0,0
0,0,0,0,0,0,0,0,0,0,0,0,0,0,111,0,1,0,111,0,0,0,0,0,0,0,0,0,0,0,0,0,0,0,0,0,0,0
0,0,0,0,0,0,0,0,0,0,0,0,0,0,91,0,91,0,91,0,0,0,0,0,0,0,0,0,0,0,0,0,0,0,0,0,0,0
0,0,0,0,0,0,0,0,0,0,0,0,1,56,1,1,1,1,1,56,1,0,0,0,0,0,0,0,0,0,0,0,0,0,0,0,0,0
0,0,0,0,0,0,0,0,0,0,0,0,1,56,1,1,1,1,1,56,1,0,0,0,0,0,0,0,0,0,0,0,0,0,0,0,0,0
0,0,0,0,0,0,0,0,0,0,0,0,91,0,91,0,91,0,91,0,91,0,0,0,0,0,0,0,0,0,0,0,0,0,0,0,0,0
0,0,0,0,0,0,0,0,0,0,0,0,1,0,1,0,1,0,1,0,1,0,0,0,0,40,40,40,40,40,40,40,40,40,40,40,0,0
0,0,0,0,0,0,0,0,0,0,0,0,1,0,111,0,111,0,111,0,111,0,0,0,0,1,1,1,1,1,1,1,1,1,1,40,0,0
0,0,0,0,0,0,0,0,0,0,0,0,91,0,91,0,91,0,91,0,91,0,0,0,0,1,1,0,1,1,0,1,1,0,1,40,0,0
0,0,0,0,0,0,0,0,0,1,1,56,1,1,1,1,1,1,1,1,1,1,1,1,93,1,1,0,1,1,1,1,1,1,1,40,0,0
0,0,0,0,0,0,0,0,0,120,1,56,1,1,1,1,1,1,1,1,1,1,1,1,93,1,1,1,0,1,1,1,1,1,1,40,0,0
0,0,0,0,0,0,0,0,0,1,1,56,1,1,1,1,1,1,1,1,1,1,1,1,93,1,1,1,1,1,1,1,0,0,1,40,0,0
0,0,0,0,0,0,0,0,0,0,0,0,40,40,40,40,40,40,40,40,40,0,0,0,0,1,1,1,1,1,1,1,1,1,1,40,0,0
0,0,0,0,0,0,0,0,0,0,0,0,0,0,0,0,0,0,0,0,0,0,0,0,0,40,40,40,40,40,40,40,40,40,40,40,0,0
0,0,0,0,0,0,0,0,0,0,0,0,0,0,0,0,0,0,0,0,0,0,0,0,0,0,0,0,0,0,0,0,0,0,0,0,0,0
0,0,0,0,0,0,0,0,0,0,0,0,0,0,0,0,0,0,0,0,0,0,0,0,0,0,0,0,0,0,0,0,0,0,0,0,0,0
@
1650,1650
bossarea
false
3,13,7,7
false
6,1,6,4
false
14,2,6,4
false
25,23,4,3
true
25,38,10,6
@
spawn
13
5,16
3,13,7,7
121
4,2
3,3,1,1
111
5,4
3,5,5,3
111
3,8
4,8,5,4
111
9,9
4,8,5,4
112
8,2
6,1,6,4
41
17,3
14,2,6,4
112
26,12
24,13,3,4
112
24,18
24,13,3,4
111
30,16
28,12,4,3
112
32,12
28,12,4,3
111
29,20
26,18,3,3
111
27,17
26,18,3,3
112
27,24
25,23,4,3
111
32,26
30,23,3,2
44
31,41
25,38,10,6
112
29,39
25,38,10,6
112
29,42
25,38,10,6
@
sign
16,14
ボムボム鉱山にようこそ
6,26
左、真ん中;最後は一番左
@