0,0,0,0,0,0,0,0,0,0,0,0,0,0,0,0,0,0,0,0,0,0,0,0
0,120,41,41,41,41,41,41,41,3,3,4,4,4,4,4,3,41,3,3,3,3,0,0
0,41,41,41,41,41,41,41,41,41,3,0,0,0,0,0,41,41,3,3,3,3,120,0
0,41,41,41,3,3,3,3,41,41,3,0,0,0,0,0,41,3,3,3,3,3,50,0
0,41,41,3,3,3,3,3,41,41,41,0,0,0,0,0,41,3,3,3,3,3,0,0
0,41,41,3,3,3,3,3,3,41,41,0,0,0,0,0,0,3,3,3,0,0,0,0
0,41,41,41,3,3,3,3,3,41,41,0,0,0,0,0,41,3,3,3,41,41,41,0
0,41,41,41,41,41,41,41,41,41,41,0,0,0,0,0,41,41,41,41,41,41,41,0
0,41,41,41,41,41,41,41,41,41,41,0,0,0,0,0,3,41,41,41,3,3,3,0
0,41,41,41,41,41,41,41,41,41,41,0,0,0,0,0,3,3,3,3,3,3,3,0
0,41,41,41,41,41,41,41,41,41,41,0,0,0,0,0,3,3,3,3,3,3,3,0
0,3,3,3,41,41,41,41,83,3,3,0,3,3,3,3,3,3,3,3,3,3,3,0
0,3,3,3,3,3,3,3,3,3,3,52,3,3,3,3,3,3,3,3,3,3,3,0
0,3,3,3,3,3,3,3,3,3,3,52,3,3,3,3,3,3,3,3,3,3,3,0
0,3,3,3,3,3,3,3,3,3,3,0,81,3,3,3,3,3,3,3,3,3,3,0
0,3,2,2,2,2,2,2,2,2,3,0,0,0,0,0,3,3,3,0,3,2,3,0
0,3,2,2,2,41,41,2,2,2,3,0,0,0,0,0,3,2,41,41,41,2,3,0
0,3,2,120,41,41,41,41,2,2,3,0,0,0,0,0,3,0,41,41,41,0,3,0
0,3,2,2,2,2,41,41,2,2,3,0,0,0,0,0,3,2,41,41,41,2,3,0
0,3,3,3,3,3,3,41,3,3,3,0,0,0,0,0,3,3,2,0,2,2,3,0
0,0,0,0,0,0,0,0,0,0,0,0,0,0,0,0,0,0,0,0,0,0,0,0
@
1400,1300
bossarea
false
16,1,6,4
true
1,1,10,8
@
spawn
1
19,17
16,15,7,5
1
18,12
16,11,7,4
1
20,13
16,11,7,4
2
20,2
16,1,6,4
11
2,12
11,12,1,2
1
4,14
11,12,1,2
11
8,18
11,12,1,2
2
4,3
1,1,10,8
12
7,3
1,1,10,8
@
sign
12,14
青いスイッチを見つけてこい💀
8,11
この先キケン
@