0,0,0,0,0,0,0,0,0,0,0,0,0,0,0,0,0,0,0,0,0,0,0,0,0,0,0,0,0,0,0,0,0,0,0,0,0,0,0,0,0
0,40,40,40,40,40,40,40,40,40,40,40,0,0,0,0,0,0,0,0,0,0,0,0,0,0,0,0,0,0,0,0,0,0,0,0,0,0,0,0,0
0,40,1,1,1,1,1,1,1,1,1,40,0,0,0,0,0,0,0,0,0,0,0,0,0,0,0,0,0,0,0,0,0,0,0,0,0,0,0,0,0
0,40,1,1,140,1,1,1,140,1,1,40,0,0,0,0,0,0,0,0,0,0,0,0,143,1,1,1,1,144,0,0,0,0,0,0,0,50,0,0,0
0,40,1,1,1,1,1,1,1,1,1,1,52,52,143,1,1,1,1,144,0,0,0,0,1,0,0,0,0,1,0,0,0,0,0,2,2,2,2,2,0
0,40,1,1,1,1,140,1,1,1,1,40,0,0,1,0,0,0,0,1,0,0,0,0,1,0,0,0,0,1,0,0,0,0,0,2,2,41,2,2,0
0,40,1,1,1,1,1,1,1,1,1,40,0,0,1,0,0,0,0,1,0,0,0,0,1,0,0,0,0,1,0,0,0,0,0,2,41,41,41,2,0
0,40,1,1,140,1,1,1,140,1,1,40,0,0,1,0,0,0,0,1,0,0,0,0,1,0,0,0,0,1,0,0,0,0,0,2,2,41,2,2,0
0,40,1,1,1,1,1,1,1,1,1,40,0,0,143,1,1,1,1,141,1,1,1,1,160,1,1,1,1,141,31,1,1,1,1,2,2,2,2,2,0
0,40,40,40,40,40,30,40,40,40,40,40,0,0,1,0,0,0,0,1,0,0,0,0,1,0,0,0,0,0,0,0,0,0,0,0,0,0,0,0,0
0,40,40,40,40,40,1,40,40,40,40,40,0,0,1,0,0,0,0,1,0,0,0,0,1,0,0,0,0,0,0,0,0,0,0,0,0,0,0,0,0
0,40,40,40,40,40,30,40,40,40,40,40,0,0,1,0,0,0,0,1,0,0,0,0,1,0,0,0,0,0,0,0,0,0,0,0,0,0,0,0,0
0,40,40,40,40,40,1,40,40,40,40,40,0,0,1,0,0,0,0,1,0,0,0,0,1,0,0,0,0,0,0,0,0,0,0,0,0,0,0,0,0
0,40,40,40,40,40,30,40,40,40,40,40,0,0,142,1,1,1,1,162,1,1,1,1,144,1,1,1,1,144,0,0,0,0,0,0,0,0,0,0,0
0,40,40,40,40,40,1,40,40,40,40,40,0,0,0,0,0,0,0,1,0,0,0,0,0,0,0,0,0,1,0,0,0,0,0,0,0,0,0,0,0
0,40,40,40,40,40,30,40,40,40,40,40,0,0,0,0,0,0,0,1,0,0,0,0,0,0,0,0,0,1,0,0,0,0,0,0,0,0,0,0,0
0,40,40,40,40,40,1,40,40,40,40,40,0,0,0,0,0,0,0,1,0,0,0,0,0,0,0,0,0,1,0,0,0,0,0,0,0,0,0,0,0
0,40,40,40,40,1,141,1,40,40,40,40,0,0,0,0,0,0,0,1,0,0,0,0,0,0,0,0,0,141,0,0,0,0,0,0,0,0,0,0,0
0,40,40,40,40,1,1,1,40,40,40,40,0,0,0,0,0,0,0,1,0,0,0,0,0,0,0,0,0,1,0,0,0,0,0,0,0,0,0,0,0
0,40,1,1,1,1,1,1,1,1,40,40,0,0,0,0,0,0,0,1,0,0,0,0,0,0,0,0,0,1,1,1,1,1,1,1,1,1,1,1,0
0,40,1,40,40,1,140,1,40,1,40,40,0,0,0,40,40,40,40,1,40,40,40,40,0,0,0,0,0,1,140,1,1,1,1,1,1,1,1,1,0
0,40,1,40,40,1,1,1,1,1,1,40,0,0,0,40,140,1,1,1,1,1,140,40,0,0,0,0,0,1,1,1,1,1,1,1,140,1,1,1,0
0,40,1,1,1,1,1,1,40,40,1,40,0,0,0,40,1,1,1,1,1,1,1,40,0,0,0,0,0,1,1,1,1,1,1,1,1,1,1,1,0
0,40,40,1,40,1,140,1,40,40,1,40,0,0,0,40,1,1,1,1,1,1,1,40,0,0,0,0,0,1,1,1,1,140,1,1,1,1,140,1,0
0,40,40,1,1,1,1,1,1,1,1,1,1,1,1,1,1,1,1,150,1,1,1,40,0,0,0,0,0,1,1,1,1,1,1,1,1,1,1,1,0
0,40,40,40,40,1,1,1,40,40,40,40,0,0,0,40,1,1,1,1,1,1,1,40,0,0,0,0,0,1,1,1,1,1,1,1,1,1,1,1,0
0,40,40,40,40,1,1,1,40,40,40,40,0,0,0,40,1,1,1,1,1,1,1,40,0,0,0,0,0,1,1,1,1,1,1,1,1,140,1,1,0
0,40,40,40,40,1,1,1,40,40,40,40,0,0,0,40,140,1,1,1,1,1,140,40,0,0,0,0,0,1,1,140,1,1,1,1,1,1,1,1,0
0,40,40,40,40,1,120,1,40,40,40,40,0,0,0,40,40,40,40,40,40,40,40,40,0,0,0,0,0,1,1,1,1,1,1,1,1,1,1,1,0
0,0,0,0,0,0,0,0,0,0,0,0,0,0,0,0,0,0,0,0,0,0,0,0,0,0,0,0,0,1,1,1,1,1,140,1,1,1,1,1,0
0,0,0,0,0,0,0,0,0,0,0,0,0,0,0,0,0,0,0,0,0,0,0,0,0,0,0,0,0,1,1,1,1,1,1,1,1,1,1,1,0
0,0,0,0,0,0,0,0,0,0,0,0,0,0,0,0,0,0,0,0,0,0,0,0,0,0,0,0,0,0,0,0,0,0,0,0,0,0,40,1,0
0,0,0,0,0,0,0,0,0,0,0,0,0,0,0,0,0,0,0,0,0,0,1,1,1,1,1,1,1,1,1,1,1,1,1,1,1,40,40,1,0
0,0,0,0,0,0,0,0,0,0,0,0,0,0,0,0,0,0,0,0,0,0,1,140,1,1,1,1,1,1,1,1,1,140,1,1,40,40,40,1,0
0,0,0,0,0,0,0,0,0,0,0,0,0,0,0,0,0,0,0,0,0,0,1,1,1,1,1,140,1,1,1,1,1,1,1,40,40,40,1,141,0
0,0,0,0,0,0,0,0,0,0,0,0,0,0,0,0,0,0,0,0,0,0,1,1,1,1,1,1,1,1,1,1,1,1,40,40,40,1,1,1,0
0,0,0,0,0,0,0,0,0,0,0,0,0,0,0,0,0,0,0,0,0,0,1,1,1,1,1,1,1,1,1,1,1,40,40,40,1,1,1,1,0
0,0,0,0,0,0,0,0,0,0,0,0,0,0,0,0,0,0,0,0,0,0,1,1,140,1,1,1,1,1,1,140,1,1,1,1,1,140,1,1,0
0,0,0,0,0,0,0,0,0,0,0,0,0,0,0,0,0,0,0,0,0,0,1,1,1,1,1,1,1,1,1,1,40,40,40,1,1,1,1,1,0
0,0,0,0,0,0,0,0,0,0,0,0,0,0,0,0,0,0,0,0,0,0,0,0,0,0,0,0,0,0,0,0,0,0,0,0,0,0,0,0,0
@
2500,3550
bossarea
true
2,2,9,7
false
2,17,9,10
false
16,21,7,7
false
29,25,11,6
false
29,19,11,5
@
spawn
42
6,4
2,2,9,7
81
4,19
2,17,9,10
14
9,19
2,17,9,10
4
3,24
2,17,9,10
41
19,25
16,21,7,7
53
32,26
29,25,11,6
3
33,29
29,25,11,6
3
35,27
29,25,11,6
13
34,21
29,19,11,5
33
32,20
29,19,11,5
33
36,20
29,19,11,5
12
34,33
30,32,10,7
2
36,37
30,32,10,7
3
37,34
30,32,10,7
121
37,6
35,4,5,5
@