0,0,0,0,0,0,0,0,0,0,0,0,0,0,0,0,0,0,0,0,0,0,0,0,0,0,0,0,0,0,0,0,0,0,0,0,0,0,0
0,120,1,1,1,1,1,120,0,0,0,0,0,0,40,40,40,40,40,40,40,40,40,40,40,40,40,40,40,40,40,40,40,40,40,40,40,40,0
0,1,14,12,18,12,15,1,0,0,0,0,0,0,40,1,1,1,40,40,40,40,40,1,1,1,1,1,1,40,5,5,5,40,5,5,5,40,0
0,1,11,1,11,1,11,1,52,131,131,131,131,131,1,1,1,1,1,1,1,1,40,1,40,40,40,40,1,1,5,5,5,5,5,5,5,40,0
0,1,21,12,13,12,19,1,0,0,0,0,0,0,40,1,1,1,40,40,40,1,1,1,1,1,40,40,1,40,5,5,5,40,5,5,5,40,0
0,1,11,1,11,1,11,1,56,1,31,1,160,0,40,40,40,1,40,40,1,1,40,40,40,1,40,40,1,40,40,5,40,40,40,5,40,40,0
0,1,17,12,13,12,16,1,0,0,0,0,0,0,40,40,40,1,40,40,1,40,40,40,40,1,40,40,1,40,5,5,5,40,5,5,5,40,0
0,1,1,1,11,1,1,1,0,0,0,0,0,0,40,40,40,1,1,1,1,40,40,1,1,1,40,1,1,40,5,5,5,5,5,5,5,40,0
0,1,1,1,11,1,1,1,0,0,0,0,0,0,40,40,40,40,1,40,40,40,40,1,40,40,40,1,40,40,5,5,5,40,5,5,5,40,0
0,1,1,1,11,1,1,1,0,0,0,0,0,0,40,40,40,40,1,1,1,1,1,1,1,1,1,1,40,40,40,40,40,40,40,1,40,40,0
0,1,1,1,11,1,1,1,0,0,0,0,0,0,40,40,40,40,40,40,40,40,40,40,40,40,40,40,40,40,40,40,40,40,40,1,40,40,0
0,1,1,1,11,1,1,1,0,0,0,0,0,0,0,0,0,0,0,0,0,0,0,0,0,0,0,0,0,0,0,0,0,0,0,1,0,0,0
0,12,12,12,20,12,12,12,0,0,0,0,0,0,0,1,1,133,133,133,133,133,133,133,133,133,133,133,133,133,133,133,133,54,1,1,0,0,0
0,0,0,0,1,0,0,0,0,0,0,0,0,0,0,91,0,0,0,0,0,0,0,0,0,0,0,0,0,0,0,0,0,0,0,0,0,0,0
0,2,2,2,2,2,41,41,2,2,2,2,2,2,92,33,1,133,133,133,133,133,133,133,133,133,133,133,133,133,133,133,133,50,0,0,0,0,0
0,2,2,41,41,41,41,2,2,2,2,2,2,41,0,0,0,0,0,0,0,0,0,0,0,0,0,0,0,0,0,0,0,130,0,0,0,0,0
0,41,41,41,41,2,2,2,2,2,2,2,2,41,0,0,0,0,0,0,0,0,0,0,0,0,0,0,0,0,0,0,0,130,0,0,0,0,0
0,41,41,2,2,2,2,2,2,2,2,2,41,41,0,0,0,0,0,0,0,0,0,0,0,0,0,0,0,0,0,0,0,130,0,0,0,0,0
0,41,2,2,2,2,2,2,2,2,2,2,41,41,0,0,0,0,0,0,0,0,0,0,0,0,0,0,0,0,0,0,0,130,0,0,0,0,0
0,41,2,2,2,2,2,2,2,2,2,2,41,2,0,0,0,0,0,0,0,0,0,0,0,0,0,0,0,0,0,0,0,130,0,0,0,0,0
0,2,2,2,2,2,2,2,2,2,2,2,41,2,0,0,0,0,0,0,0,0,0,0,0,0,0,0,0,0,0,0,0,130,0,0,0,0,0
0,2,2,2,2,2,2,2,2,2,2,41,41,2,0,0,0,0,0,0,0,41,41,41,41,41,41,41,41,41,0,0,0,130,0,0,0,0,0
0,2,2,2,2,2,2,2,2,2,41,41,41,2,0,0,0,0,0,0,0,41,132,133,133,133,133,133,133,41,0,0,0,130,0,0,0,0,0
0,2,2,2,2,2,2,41,41,41,41,41,2,2,0,0,0,0,0,0,0,41,132,41,41,130,41,41,130,41,0,0,0,130,0,0,0,0,0
0,2,2,2,41,41,41,41,41,41,41,2,2,2,0,0,0,0,0,0,0,41,132,41,41,130,41,41,130,41,0,0,0,130,0,0,0,0,0
0,2,41,41,41,41,41,41,2,2,2,2,2,2,131,131,131,131,131,131,131,131,131,131,131,1,131,131,130,1,131,131,131,1,0,0,0,0,0
0,0,0,0,0,0,0,0,0,0,0,0,0,0,0,0,0,0,0,0,0,41,132,41,41,132,41,41,130,41,0,0,0,0,0,0,0,0,0
0,0,0,0,0,0,0,0,0,0,0,0,0,0,0,0,0,0,0,0,0,41,132,41,41,132,41,41,130,41,0,0,0,0,0,0,0,0,0
0,0,0,0,0,0,0,0,0,0,0,0,0,0,0,0,0,0,0,0,0,41,131,131,131,131,131,131,130,41,0,0,0,0,0,0,0,0,0
0,0,0,0,0,0,0,0,0,0,0,0,0,0,0,0,0,0,0,0,0,41,41,41,41,1,41,41,41,41,0,0,0,0,0,0,0,0,0
0,40,40,40,40,40,40,40,40,40,40,40,0,0,0,0,0,0,0,0,0,0,0,0,0,0,0,0,0,0,0,0,0,0,0,0,0,0,0
0,40,17,18,12,15,1,1,1,14,12,40,0,0,0,0,0,0,0,0,0,0,0,0,0,0,0,0,0,0,0,0,0,0,0,0,0,0,0
0,40,1,11,1,17,12,12,15,21,12,40,0,0,0,0,0,0,0,0,0,0,0,0,0,0,0,0,0,0,0,0,0,0,0,0,0,0,0
0,40,12,19,1,1,14,12,13,16,1,40,40,40,40,40,40,40,40,40,40,40,40,40,0,0,0,0,0,0,0,0,0,0,0,0,0,0,0
0,40,1,11,1,1,11,1,11,1,1,5,5,5,5,5,5,5,5,5,14,12,15,40,0,0,0,0,0,0,0,0,0,0,0,0,0,0,0
0,40,1,17,18,12,13,15,17,15,1,1,1,1,1,1,1,1,1,1,11,162,11,1,120,0,0,0,0,0,0,0,0,0,0,0,0,0,0
0,40,12,18,16,1,17,16,1,11,1,5,5,5,5,5,5,5,5,5,17,12,16,40,0,0,0,0,0,0,0,0,0,0,0,0,0,0,0
0,40,1,21,12,15,1,1,14,20,12,40,40,40,40,40,40,40,40,40,40,40,40,40,0,0,0,0,0,0,0,0,0,0,0,0,0,0,0
0,40,14,16,1,17,15,1,11,1,1,40,0,0,0,0,0,0,0,0,0,0,0,0,0,0,0,0,0,0,0,0,0,0,0,0,0,0,0
0,40,11,1,1,1,11,1,11,1,1,40,0,0,0,0,0,0,0,0,0,0,0,0,0,0,0,0,0,0,0,0,0,0,0,0,0,0,0
0,40,40,40,40,40,40,40,40,40,40,40,0,0,0,0,0,0,0,0,0,0,0,0,0,0,0,0,0,0,0,0,0,0,0,0,0,0,0
0,0,0,0,0,0,0,0,0,0,0,0,0,0,0,0,0,0,0,0,0,0,0,0,0,0,0,0,0,0,0,0,0,0,0,0,0,0,0
@
450,450
bossarea
false
1,14,7,6
false
1,21,7,5
false
9,20,5,6
false
9,14,5,5
false
21,21,9,9
true
2,31,9,9
false
30,2,7,7
@
spawn
1
2,17
1,14,7,6
11
6,16
1,14,7,6
31
5,19
1,14,7,6
1
10,21
9,20,5,6
11
11,24
9,20,5,6
3
11,16
9,14,5,5
12
4,23
1,21,7,5
22
25,25
21,21,9,9
31
15,7
15,2,3,3
32
20,4
15,2,3,3
31
22,7
17,3,5,5
32
25,1
23,2,6,3
32
26,3
23,2,6,3
31
28,9
23,7,5,3
14
33,5
30,2,7,7
53
6,35
2,31,9,9
@