0,0,0,0,0,0,0,0,0,0,0,0,0,0,0,0,0,0,0,0,0,0,0,0,0,0,0,0,0,0,0,0,0,0,0,0,0,0,0,0,0
0,5,5,5,5,5,5,5,5,5,0,0,0,0,14,12,15,0,0,0,0,0,0,0,0,0,0,0,0,0,0,0,0,0,0,0,0,0,0,0,0
0,5,151,5,5,5,5,5,151,5,0,0,0,0,11,160,11,0,0,0,0,0,0,0,0,0,0,0,0,0,0,0,0,0,0,0,0,0,0,0,0
0,5,5,5,5,5,5,5,5,5,0,0,0,0,17,18,16,0,0,0,0,0,0,0,0,0,0,0,0,0,0,0,0,0,0,0,0,0,0,0,0
0,5,5,5,5,5,5,5,5,5,0,0,0,0,0,11,0,0,0,0,0,0,0,0,0,0,0,0,0,0,0,0,0,0,0,0,0,0,0,0,0
0,5,5,5,5,5,5,5,5,5,0,0,0,0,0,11,0,0,0,0,0,0,0,0,0,0,0,0,0,0,0,0,0,0,0,0,0,0,0,0,0
0,5,5,5,5,5,5,5,5,5,0,0,0,0,0,11,0,0,0,0,0,0,0,0,0,0,0,0,0,0,0,0,0,0,0,0,0,0,0,0,0
0,5,5,5,5,5,5,5,5,5,0,0,0,0,0,11,0,0,0,0,0,0,0,0,0,0,0,0,0,0,0,0,0,0,0,0,0,0,0,0,0
0,5,151,5,5,5,5,5,151,5,0,0,0,0,0,17,12,12,12,12,18,12,12,12,12,12,15,0,0,0,0,0,0,0,0,0,0,0,0,0,0
0,5,5,5,5,5,5,5,5,5,0,0,0,0,0,0,0,0,0,0,11,1,1,1,1,1,11,0,0,0,0,0,0,0,0,0,0,0,0,0,0
0,0,0,0,5,5,5,0,0,0,0,0,0,0,0,0,0,0,0,0,11,1,1,1,1,1,11,0,0,0,0,0,0,0,0,0,0,0,0,0,0
0,0,0,30,5,5,5,30,0,0,0,0,0,0,0,0,0,0,0,0,11,1,1,1,1,1,11,0,0,0,0,0,0,0,0,0,0,0,0,0,0
0,0,0,0,5,5,5,0,0,0,0,0,0,0,0,0,0,0,0,0,11,1,1,1,1,1,11,0,0,0,0,0,0,0,0,0,0,0,0,0,0
0,0,0,0,5,5,5,0,0,0,0,0,0,0,0,0,0,0,0,0,11,1,1,1,1,1,11,0,0,0,0,0,0,0,0,0,0,0,0,0,0
0,0,0,0,5,5,5,0,0,0,0,0,0,0,0,0,0,0,0,0,17,12,12,12,12,12,16,0,0,0,0,0,0,0,0,0,0,0,0,0,0
0,0,0,30,5,5,5,30,0,0,0,0,0,0,0,0,0,0,0,0,0,0,1,1,1,0,0,0,0,0,0,0,0,0,0,0,0,0,0,0,0
0,0,0,0,5,5,5,0,0,0,0,0,0,0,0,0,0,0,0,0,0,0,1,1,1,0,0,0,0,0,0,0,0,0,0,0,0,0,0,0,0
0,0,0,0,5,5,5,0,0,0,0,0,0,0,0,0,0,0,0,0,0,0,1,1,1,0,0,0,0,0,0,0,0,0,0,0,0,0,0,0,0
0,0,0,0,5,5,5,0,0,0,0,0,0,0,0,0,0,0,0,0,0,0,1,1,1,0,0,0,0,0,0,0,0,0,0,0,0,0,0,0,0
0,0,0,30,5,5,5,30,0,0,0,0,0,0,0,0,0,0,0,0,0,0,1,1,1,0,0,0,0,0,0,0,0,0,0,0,0,0,0,0,0
0,0,40,40,5,5,5,40,40,0,0,0,0,0,0,0,0,0,0,40,40,40,1,1,1,40,40,40,0,0,0,0,0,0,0,0,0,0,0,0,0
0,0,40,40,5,5,5,40,40,0,0,0,0,0,0,0,0,0,0,40,1,1,1,1,1,1,1,40,0,0,0,0,0,1,1,1,1,1,1,1,0
0,0,40,40,5,162,5,40,40,0,0,0,0,0,0,0,0,0,0,40,1,1,1,1,1,1,1,40,0,0,0,0,0,1,1,1,1,1,1,1,0
0,0,40,40,5,5,5,40,40,0,0,0,0,0,0,0,0,0,0,40,1,1,1,1,1,1,1,1,1,1,1,1,1,1,1,1,1,1,1,1,0
0,0,40,40,5,120,5,40,40,0,0,0,0,0,0,0,0,0,0,40,1,1,1,1,1,1,1,1,1,1,1,1,1,1,1,1,1,1,1,1,0
0,0,40,40,40,40,40,40,40,0,0,0,0,0,0,0,0,0,0,40,1,1,1,1,1,1,1,1,1,1,1,1,1,1,1,1,1,1,1,1,0
0,0,0,0,0,0,0,0,0,0,0,0,0,0,0,0,0,0,0,40,1,1,1,1,1,1,1,40,0,0,0,0,0,1,1,1,1,1,1,1,0
0,0,0,0,0,0,0,0,0,0,0,0,0,0,0,0,0,0,0,40,1,1,1,1,1,1,1,40,0,0,0,0,0,1,1,1,1,1,1,1,0
0,0,0,0,0,0,0,0,0,0,0,0,0,0,0,0,0,0,0,40,40,40,40,40,40,40,40,40,0,0,0,0,0,0,0,1,1,1,0,0,0
0,0,0,0,0,0,0,0,0,0,0,0,0,0,0,0,0,0,0,0,0,0,0,0,0,0,0,0,0,0,0,0,0,0,0,1,1,1,0,0,0
0,0,0,0,0,0,0,0,0,0,0,0,0,0,0,0,0,0,0,0,0,0,0,0,0,0,0,0,0,0,0,0,0,0,0,1,1,1,0,0,0
0,3,3,41,41,41,41,41,41,3,3,3,3,3,1,120,0,0,0,0,0,0,0,0,0,0,0,0,0,0,0,0,0,0,0,1,1,1,0,0,0
0,3,3,3,3,41,41,41,41,41,3,3,3,3,3,1,0,0,0,0,0,0,0,0,0,0,0,0,0,0,0,0,0,0,0,1,1,1,0,0,0
0,2,2,3,3,3,3,3,41,41,41,41,3,3,3,1,0,0,0,0,0,1,1,1,1,1,1,1,0,0,0,0,0,1,1,1,1,1,1,1,0
0,2,2,2,2,2,3,3,3,41,41,41,41,3,3,1,0,0,0,0,0,1,1,1,1,1,1,1,0,0,0,0,0,1,1,1,1,1,1,1,0
0,2,14,12,15,2,2,2,3,3,3,41,41,3,3,3,1,1,1,1,1,1,1,1,1,1,1,1,1,1,1,1,1,1,1,1,1,1,1,1,0
0,2,11,31,11,2,2,2,2,3,3,41,41,41,3,3,1,1,1,1,1,1,1,1,1,1,1,1,1,1,1,1,1,1,1,1,1,1,1,1,0
0,2,17,12,16,2,2,2,2,2,3,3,41,41,3,3,1,1,1,1,1,1,1,1,1,1,1,1,1,1,1,1,1,1,1,1,1,1,1,1,0
0,2,2,2,2,2,2,2,2,2,3,3,41,41,41,3,0,0,0,0,0,1,1,1,1,1,1,1,0,0,0,0,0,1,1,1,1,1,1,1,0
0,2,2,2,2,2,2,2,2,2,2,3,3,41,41,3,0,0,0,0,0,1,1,1,1,1,1,1,0,0,0,0,0,1,1,1,1,1,1,1,0
0,2,2,2,2,2,2,2,2,2,2,3,3,41,41,3,0,0,0,0,0,0,0,0,0,0,0,0,0,0,0,0,0,0,0,0,0,0,0,0,0
0,2,2,2,2,2,2,2,2,2,2,2,3,41,41,41,0,0,0,0,0,0,0,0,0,0,0,0,0,0,0,0,0,0,0,0,0,0,0,0,0
0,0,0,0,0,0,0,0,0,0,0,0,0,0,0,0,0,0,0,0,0,0,0,0,0,0,0,0,0,0,0,0,0,0,0,0,0,0,0,0,0
@
350,3650
bossarea
true
1,1,9,9
false
20,8,7,7
false
20,21,7,7
false
33,21,7,7
false
33,33,7,7
false
21,33,7,7
@
spawn
61
5,5
1,1,9,9
52
23,11
20,8,7,7
42
23,24
20,21,7,7
82
36,24
33,21,7,7
24
36,36
33,33,7,7
13
25,36
21,33,7,7
14
24,34
21,33,7,7
14
24,38
21,33,7,7
@